Zip,Cases,Deaths,Recovered,ReportDate,TOT_POP,CS_RATE,DTH_RATE,Active,ACT_RATE,Date
74012,2186,26,1930,11/01/2020,62429,35.015777923721345,0.416473113456887,230,3.6841852344263084,11/01/2020 11:00AM
73099,2045,8,1724,11/01/2020,68676,29.77750597006232,0.11648902090977925,313,4.557632943095113,11/01/2020 11:00AM
73072,1614,18,1431,11/01/2020,46675,34.57953936797001,0.385645420460632,165,3.535083020889127,11/01/2020 11:00AM
73160,1574,16,1333,11/01/2020,59401,26.49787040622212,0.2693557347519402,225,3.787815019949159,11/01/2020 11:00AM
74133,1567,14,1415,11/01/2020,46067,34.01567282436451,0.303905181583346,138,2.995636789892982,11/01/2020 11:00AM
73119,1557,24,1392,11/01/2020,32119,48.475979949562564,0.7472212708988448,141,4.389924966530714,11/01/2020 11:00AM
73942,1459,10,1366,11/01/2020,13454,108.44358555076556,0.7432733759476735,83,6.169169020365691,11/01/2020 11:00AM
73071,1401,25,1219,11/01/2020,42656,32.84414853713429,0.5860840210052514,157,3.6806076519129785,11/01/2020 11:00AM
73013,1350,18,1115,11/01/2020,52254,25.835342748880468,0.3444712366517396,217,4.152792130745972,11/01/2020 11:00AM
74074,1313,5,1236,11/01/2020,32812,40.01584786053883,0.15238327441180058,72,2.194319151529928,11/01/2020 11:00AM
73170,1280,18,1076,11/01/2020,37699,33.95315525610759,0.477466245789013,186,4.933817873153134,11/01/2020 11:00AM
74055,1263,4,1098,11/01/2020,45378,27.832870554012956,0.08814844197628807,161,3.547974789545595,11/01/2020 11:00AM
74136,1250,21,1132,11/01/2020,31835,39.26495994974085,0.6596513271556463,97,3.0469608920998903,11/01/2020 11:00AM
74014,1222,9,1072,11/01/2020,40100,30.473815461346632,0.22443890274314215,141,3.516209476309227,11/01/2020 11:00AM
73034,1216,3,1035,11/01/2020,44647,27.235872511030976,0.06719376441866194,178,3.9868300221739426,11/01/2020 11:00AM
73701,1195,18,1032,11/01/2020,23646,50.53708872536581,0.7612281146917026,145,6.132115368349827,11/01/2020 11:00AM
73069,1145,10,1037,11/01/2020,24416,46.89547837483617,0.40956749672346,98,4.013761467889909,11/01/2020 11:00AM
73703,1111,10,963,11/01/2020,30331,36.62919125647028,0.3296956908773202,138,4.549800534107019,11/01/2020 11:00AM
73159,1084,6,981,11/01/2020,33816,32.055831559025314,0.177430801987225,97,2.8684646321268037,11/01/2020 11:00AM
73109,1075,9,961,11/01/2020,23144,46.44832353957829,0.38886968544763223,105,4.536812996889042,11/01/2020 11:00AM
74464,1040,4,897,11/01/2020,31404,33.11680040759139,0.1273723092599669,139,4.426187746783849,11/01/2020 11:00AM
73521,1033,14,916,11/01/2020,20676,49.96130779647901,0.6771135616173342,103,4.98162120332753,11/01/2020 11:00AM
73107,1003,7,887,11/01/2020,25328,39.600442198357555,0.27637397346809855,109,4.303537586860392,11/01/2020 11:00AM
74037,1001,8,932,11/01/2020,18419,54.3460557033498,0.43433411151528317,61,3.311797600304034,11/01/2020 11:00AM
73120,986,22,818,11/01/2020,35771,27.564228005926587,0.6150233429314249,146,4.081518548544911,11/01/2020 11:00AM
74137,984,8,878,11/01/2020,28241,34.842958818738715,0.2832760879572253,98,3.47013207747601,11/01/2020 11:00AM
74017,983,43,802,11/01/2020,28375,34.6431718061674,1.5154185022026432,138,4.863436123348017,11/01/2020 11:00AM
74701,978,8,816,11/01/2020,25267,38.70661336921676,0.31661851426762183,154,6.09490639965172,11/01/2020 11:00AM
74008,967,5,838,11/01/2020,28808,33.56706470424882,0.17356289919466816,124,4.30435990002777,11/01/2020 11:00AM
73012,944,0,799,11/01/2020,37639,25.08036876643907,0.0,145,3.8523871516246446,11/01/2020 11:00AM
74501,939,16,847,11/01/2020,28016,33.516561964591666,0.5711022272986864,76,2.712735579668761,11/01/2020 11:00AM
73036,933,8,705,11/01/2020,20920,44.59847036328872,0.3824091778202677,220,10.516252390057362,11/01/2020 11:00AM
74011,919,9,765,11/01/2020,27969,32.85780685759234,0.3217848332081948,145,5.184311201687583,11/01/2020 11:00AM
73841,905,2,898,11/01/2020,1329,680.9631301730624,1.5048908954100828,5,3.762227238525207,11/01/2020 11:00AM
73129,861,11,756,11/01/2020,19764,43.56405585913783,0.5565674964582068,94,4.756122242461041,11/01/2020 11:00AM
73505,860,8,689,11/01/2020,48713,17.654424896844784,0.16422720834274218,163,3.346129369983372,11/01/2020 11:00AM
74115,859,8,784,11/01/2020,23347,36.792735683385445,0.34265644408275153,67,2.869747719193044,11/01/2020 11:00AM
74006,854,30,740,11/01/2020,27191,31.407450994814464,1.103306241035637,84,3.089257474899783,11/01/2020 11:00AM
74134,848,4,737,11/01/2020,16254,52.17177310200566,0.24609326934908332,107,6.582994955087979,11/01/2020 11:00AM
73112,824,14,711,11/01/2020,33335,24.718764061796907,0.4199790010499475,99,2.969851507424629,11/01/2020 11:00AM
73127,805,4,719,11/01/2020,25134,32.02832816105674,0.15914697222885335,82,3.2625129306914933,11/01/2020 11:00AM
74105,804,8,722,11/01/2020,25046,32.1009342809231,0.31941228140221994,74,2.954563602970534,11/01/2020 11:00AM
74146,790,3,728,11/01/2020,16130,48.97706137631742,0.18598884066955984,59,3.65778053316801,11/01/2020 11:00AM
73018,788,10,709,11/01/2020,20214,38.982883150291876,0.4947066389630949,69,3.4134758088453547,11/01/2020 11:00AM
74354,773,12,681,11/01/2020,17926,43.12172263750976,0.6694187214102421,80,4.462791476068281,11/01/2020 11:00AM
74463,770,2,739,11/01/2020,2145,358.97435897435895,0.9324009324009324,29,13.519813519813521,11/01/2020 11:00AM
73110,753,10,600,11/01/2020,33383,22.55639097744361,0.29955366503909175,143,4.283617410059012,11/01/2020 11:00AM
73162,739,13,653,11/01/2020,29747,24.842841294920497,0.4370188590446095,73,2.454028977712038,11/01/2020 11:00AM
74403,736,13,608,11/01/2020,30573,24.073528930755895,0.4252117881791123,115,3.7614888954306087,11/01/2020 11:00AM
73401,735,8,592,11/01/2020,35952,20.44392523364486,0.22251891410769914,135,3.755006675567423,11/01/2020 11:00AM
74066,731,12,633,11/01/2020,33041,22.124027723131867,0.3631851336218638,86,2.6028267909566902,11/01/2020 11:00AM
73132,729,6,625,11/01/2020,28199,25.851980566686763,0.2127735026064754,98,3.4753005425724317,11/01/2020 11:00AM
74804,721,7,532,11/01/2020,20867,34.552163703455214,0.3354579000335458,182,8.72190540087219,11/01/2020 11:00AM
74075,713,3,660,11/01/2020,24891,28.644891727933793,0.12052549114137641,50,2.0087581856896066,11/01/2020 11:00AM
74820,711,2,546,11/01/2020,31480,22.58576874205845,0.06353240152477764,163,5.1778907242693775,11/01/2020 11:00AM
73108,704,0,643,11/01/2020,15156,46.45025072578517,0.0,61,4.024808656637635,11/01/2020 11:00AM
74063,695,7,612,11/01/2020,31703,21.922215563195913,0.22079929344226099,76,2.3972494716588337,11/01/2020 11:00AM
73064,688,4,587,11/01/2020,23526,29.244240414860155,0.17002465357476834,97,4.123097849188132,11/01/2020 11:00AM
74801,663,5,552,11/01/2020,22194,29.87293863206272,0.22528611336397222,106,4.776065603316211,11/01/2020 11:00AM
74129,661,5,604,11/01/2020,19467,33.95489803256794,0.2568449170390918,52,2.6711871372065543,11/01/2020 11:00AM
74728,660,24,572,11/01/2020,11342,58.19079527420208,2.1160289190618937,64,5.6427437841650505,11/01/2020 11:00AM
74110,630,13,567,11/01/2020,14812,42.53308128544423,0.8776667566837699,50,3.3756413718606533,11/01/2020 11:00AM
73139,625,8,529,11/01/2020,17563,35.58617548254854,0.4555030461766213,88,5.010533507942835,11/01/2020 11:00AM
74145,617,3,553,11/01/2020,18580,33.20775026910656,0.16146393972012918,61,3.2831001076426265,11/01/2020 11:00AM
74135,598,13,527,11/01/2020,20849,28.682430812029356,0.6235311046093338,58,2.781908005180105,11/01/2020 11:00AM
73020,592,5,507,11/01/2020,23966,24.701660685971795,0.2086288909288158,80,3.338062254861053,11/01/2020 11:00AM
73135,579,7,488,11/01/2020,22790,25.40587977182975,0.307152259763054,84,3.6858271171566477,11/01/2020 11:00AM
73008,578,6,498,11/01/2020,20240,28.55731225296443,0.2964426877470356,74,3.656126482213439,11/01/2020 11:00AM
74960,575,9,425,11/01/2020,13497,42.602059716974146,0.6668148477439432,141,10.44676594798844,11/01/2020 11:00AM
73010,575,2,486,11/01/2020,19735,29.136052698251838,0.10134279199391943,87,4.408411451735495,11/01/2020 11:00AM
74112,563,9,497,11/01/2020,20892,26.94811411066437,0.43078690407811604,57,2.7283170591614017,11/01/2020 11:00AM
73601,558,1,502,11/01/2020,10238,54.50283258448916,0.09767532721234616,55,5.372142996679039,11/01/2020 11:00AM
73051,558,6,462,11/01/2020,10399,53.65900567362247,0.576978555630349,90,8.654678334455237,11/01/2020 11:00AM
74301,550,2,504,11/01/2020,11499,47.830246108357244,0.17392816766675365,44,3.82641968866858,11/01/2020 11:00AM
73533,543,3,405,11/01/2020,27582,19.68675222971503,0.10876658690450294,135,4.894496410702632,11/01/2020 11:00AM
74128,533,6,483,11/01/2020,13005,40.984236831987694,0.461361014994233,44,3.383314109957708,11/01/2020 11:00AM
74745,532,10,470,11/01/2020,9499,56.00589535740604,1.0527423939362037,52,5.47426044846826,11/01/2020 11:00AM
74033,531,5,464,11/01/2020,11999,44.25368780731728,0.41670139178264853,62,5.167097258104842,11/01/2020 11:00AM
73130,528,9,473,11/01/2020,20604,25.6260920209668,0.43680838672102507,46,2.23257619879635,11/01/2020 11:00AM
73114,527,3,466,11/01/2020,18312,28.77894276976846,0.16382699868938402,58,3.1673219746614243,11/01/2020 11:00AM
74019,520,5,444,11/01/2020,18185,28.59499587572175,0.27495188342040144,71,3.9043167445697002,11/01/2020 11:00AM
74955,516,4,433,11/01/2020,15122,34.12247057267557,0.264515275757175,79,5.224176696204206,11/01/2020 11:00AM
73044,514,0,426,11/01/2020,23525,21.849096705632306,0.0,88,3.740701381509033,11/01/2020 11:00AM
74447,513,7,420,11/01/2020,16391,31.29766335183942,0.4270636324812397,86,5.2467817704838025,11/01/2020 11:00AM
73102,513,2,493,11/01/2020,4996,102.68214571657326,0.4003202562049639,18,3.602882305844676,11/01/2020 11:00AM
74035,501,2,491,11/01/2020,4223,118.63604072933934,0.4735969689793985,8,1.894387875917594,11/01/2020 11:00AM
74107,500,9,458,11/01/2020,19734,25.33698185872099,0.4560656734569778,33,1.6722408026755853,11/01/2020 11:00AM
74106,500,5,444,11/01/2020,18075,27.662517289073303,0.2766251728907331,51,2.8215767634854774,11/01/2020 11:00AM
73503,500,1,495,11/01/2020,10882,45.947436133063775,0.09189487226612754,4,0.36757948906451016,11/01/2020 11:00AM
74953,494,6,441,11/01/2020,12052,40.98904746100232,0.49784268171257884,47,3.899767673415201,11/01/2020 11:00AM
73003,493,5,403,11/01/2020,24147,20.416614900401708,0.2070650598418023,85,3.520106017310639,11/01/2020 11:00AM
74344,487,18,415,11/01/2020,15322,31.78436235478397,1.1747813601357526,54,3.524344080407258,11/01/2020 11:00AM
73644,481,5,404,11/01/2020,14668,32.79247341150805,0.3408781019907281,72,4.9086446686664855,11/01/2020 11:00AM
74021,481,3,428,11/01/2020,19907,24.162354950519916,0.15070075852715126,50,2.511679308785854,11/01/2020 11:00AM
73501,477,3,396,11/01/2020,20617,23.13624678663239,0.145510986079449,78,3.783285638065674,11/01/2020 11:00AM
73169,474,1,436,11/01/2020,2247,210.9479305740988,0.4450378282153983,37,16.466399643969737,11/01/2020 11:00AM
73096,467,5,432,11/01/2020,13684,34.12744811458638,0.36539023677287347,30,2.192341420637241,11/01/2020 11:00AM
74601,458,7,400,11/01/2020,19051,24.04073276993334,0.367434780326492,51,2.6770248280930136,11/01/2020 11:00AM
73115,452,3,381,11/01/2020,21032,21.491061240015213,0.14263978699125143,68,3.233168505135032,11/01/2020 11:00AM
74070,451,8,400,11/01/2020,15183,29.704274517552523,0.5269050912204439,43,2.8321148653098858,11/01/2020 11:00AM
73005,447,9,399,11/01/2020,9585,46.635367762128325,0.9389671361502347,39,4.068857589984351,11/01/2020 11:00AM
74429,440,15,382,11/01/2020,15208,28.932140978432404,0.9863229879011046,43,2.8274592319831666,11/01/2020 11:00AM
74868,435,4,356,11/01/2020,13443,32.35884847132336,0.2975526296213643,75,5.57911180540058,11/01/2020 11:00AM
73142,431,8,367,11/01/2020,14302,30.135645364284716,0.5593623269472802,56,3.915536288630961,11/01/2020 11:00AM
74851,421,1,390,11/01/2020,10783,39.04293795789669,0.09273856997125104,30,2.7821570991375313,11/01/2020 11:00AM
74114,419,4,360,11/01/2020,16175,25.90417310664606,0.2472952086553323,55,3.400309119010819,11/01/2020 11:00AM
74104,410,1,362,11/01/2020,11454,35.795355334381,0.08730574471800244,47,4.103370001746115,11/01/2020 11:00AM
73065,400,4,332,11/01/2020,8404,47.596382674916704,0.47596382674916704,64,7.615421227986673,11/01/2020 11:00AM
73662,398,5,341,11/01/2020,6447,61.73413991003567,0.7755545214828603,52,8.065767023421747,11/01/2020 11:00AM
73080,397,6,333,11/01/2020,9436,42.0729122509538,0.635862653666808,58,6.146672318779143,11/01/2020 11:00AM
74127,395,3,336,11/01/2020,15724,25.12083439328415,0.1907911472907657,56,3.561434749427627,11/01/2020 11:00AM
73122,392,3,343,11/01/2020,12789,30.65134099616858,0.2345765892563922,46,3.5968410352646805,11/01/2020 11:00AM
74437,390,7,311,11/01/2020,9822,39.706780696395846,0.7126858073712075,72,7.330482590103848,11/01/2020 11:00AM
74401,390,7,295,11/01/2020,15972,24.41773102930128,0.438266967192587,88,5.5096418732782375,11/01/2020 11:00AM
73106,386,2,344,11/01/2020,12683,30.43443980130884,0.1576913979342427,40,3.153827958684854,11/01/2020 11:00AM
74525,384,0,334,11/01/2020,9492,40.4551201011378,0.0,50,5.267593763168985,11/01/2020 11:00AM
73089,366,5,297,11/01/2020,12689,28.843880526440223,0.3940420836945386,64,5.043738671290094,11/01/2020 11:00AM
73507,357,4,280,11/01/2020,22480,15.880782918149466,0.17793594306049823,73,3.2473309608540926,11/01/2020 11:00AM
74132,353,3,321,11/01/2020,9252,38.15391266753135,0.324254215304799,29,3.1344574146130566,11/01/2020 11:00AM
73025,349,0,302,11/01/2020,13019,26.806974421998618,0.0,47,3.6101083032490977,11/01/2020 11:00AM
74467,335,6,285,11/01/2020,15147,22.116590744041726,0.3961180431768667,44,2.904865649963689,11/01/2020 11:00AM
74873,333,1,275,11/01/2020,11863,28.070471213015256,0.08429570934839417,57,4.804855432858467,11/01/2020 11:00AM
74743,331,2,272,11/01/2020,8397,39.41884006192688,0.23818030248898417,57,6.788138620936048,11/01/2020 11:00AM
73118,329,3,284,11/01/2020,14087,23.3548661886846,0.21296230567189608,42,2.981472279406545,11/01/2020 11:00AM
74361,322,6,282,11/01/2020,16590,19.409282700421944,0.3616636528028933,34,2.049427365883062,11/01/2020 11:00AM
74346,320,2,268,11/01/2020,7479,42.786468779248565,0.26741542987030353,50,6.685385746757588,11/01/2020 11:00AM
73068,319,4,265,11/01/2020,12458,25.60603628190721,0.321078824851501,50,4.013485310643763,11/01/2020 11:00AM
73801,308,3,232,11/01/2020,15529,19.833859231115976,0.19318694056281796,73,4.700882220361903,11/01/2020 11:00AM
74023,307,3,258,11/01/2020,11396,26.93927693927694,0.26325026325026324,46,4.036504036504037,11/01/2020 11:00AM
74948,303,3,261,11/01/2020,11862,25.543753161355593,0.25290844714213456,39,3.2878098128477493,11/01/2020 11:00AM
74829,295,4,80,11/01/2020,1474,200.1356852103121,2.7137042062415193,211,143.14789687924014,11/01/2020 11:00AM
74848,292,4,244,11/01/2020,7911,36.91063076728605,0.5056250790039186,44,5.561875869043105,11/01/2020 11:00AM
73075,290,2,213,11/01/2020,9564,30.32204098703471,0.20911752404851525,75,7.841907151819323,11/01/2020 11:00AM
73111,285,2,246,11/01/2020,11368,25.070372976776916,0.17593244194229415,37,3.254750175932442,11/01/2020 11:00AM
74003,283,8,255,11/01/2020,14194,19.938001972664505,0.5636184303226716,20,1.4090460758066787,11/01/2020 11:00AM
73078,282,3,257,11/01/2020,10718,26.31087889531629,0.2799029669714499,22,2.0526217577906323,11/01/2020 11:00AM
73026,274,4,234,11/01/2020,10338,26.504159411878508,0.3869220352099052,36,3.482298316889147,11/01/2020 11:00AM
73116,273,2,231,11/01/2020,9205,29.657794676806084,0.21727322107550245,40,4.345464421510049,11/01/2020 11:00AM
74937,270,6,240,11/01/2020,5492,49.16241806263656,1.0924981791697013,24,4.369992716678805,11/01/2020 11:00AM
74959,258,1,226,11/01/2020,7150,36.08391608391608,0.13986013986013987,31,4.335664335664336,11/01/2020 11:00AM
74426,253,4,221,11/01/2020,9688,26.114781172584642,0.41288191577208916,28,2.890173410404624,11/01/2020 11:00AM
73045,252,2,227,11/01/2020,11293,22.314708226334897,0.17710085893916586,23,2.0366598778004072,11/01/2020 11:00AM
74462,251,4,204,11/01/2020,7495,33.48899266177452,0.533689126084056,43,5.737158105403602,11/01/2020 11:00AM
74884,249,1,212,11/01/2020,5731,43.44791484906648,0.17448961786773687,36,6.281626243238527,11/01/2020 11:00AM
74108,249,1,229,11/01/2020,7612,32.71150814503416,0.13137151865475563,19,2.4960588544403572,11/01/2020 11:00AM
73750,247,1,195,11/01/2020,7485,32.99933199732799,0.13360053440213762,51,6.813627254509018,11/01/2020 11:00AM
73179,241,2,213,11/01/2020,5299,45.48027929798075,0.3774297037176826,26,4.906586148329874,11/01/2020 11:00AM
74432,240,6,203,11/01/2020,9278,25.86764388876913,0.6466910972192282,31,3.3412373356326794,11/01/2020 11:00AM
74010,237,9,211,11/01/2020,10669,22.213890711406883,0.8435654700534257,17,1.5934014434342487,11/01/2020 11:00AM
74604,231,6,210,11/01/2020,12597,18.337699452250536,0.4763038818766373,15,1.1907597046915932,11/01/2020 11:00AM
74126,227,2,205,11/01/2020,10472,21.6768525592055,0.19098548510313215,20,1.9098548510313218,11/01/2020 11:00AM
74434,220,4,176,11/01/2020,8583,25.632063381102178,0.4660375160200396,40,4.660375160200396,11/01/2020 11:00AM
73086,220,3,177,11/01/2020,8687,25.325198572579716,0.3453436168988143,40,4.604581558650858,11/01/2020 11:00AM
73047,215,0,194,11/01/2020,5135,41.869522882181116,0.0,21,4.089581304771178,11/01/2020 11:00AM
74352,215,0,186,11/01/2020,6756,31.823564239194788,0.0,29,4.292480757844879,11/01/2020 11:00AM
74730,198,1,169,11/01/2020,4800,41.25,0.20833333333333334,28,5.833333333333334,11/01/2020 11:00AM
73165,197,1,163,11/01/2020,6720,29.31547619047619,0.14880952380952384,33,4.910714285714286,11/01/2020 11:00AM
74103,197,0,187,11/01/2020,2134,92.3149015932521,0.0,10,4.686035613870665,11/01/2020 11:00AM
74962,196,3,163,11/01/2020,4490,43.65256124721604,0.6681514476614699,30,6.6815144766147,11/01/2020 11:00AM
73448,195,0,173,11/01/2020,6295,30.97696584590945,0.0,22,3.4948371723590155,11/01/2020 11:00AM
73742,195,2,181,11/01/2020,4384,44.47992700729927,0.4562043795620438,12,2.737226277372263,11/01/2020 11:00AM
74015,194,2,153,11/01/2020,8834,21.96060674666063,0.22639800769753224,39,4.41476115010188,11/01/2020 11:00AM
73446,191,1,165,11/01/2020,8482,22.518273991983023,0.11789672247111531,25,2.9474180617778827,11/01/2020 11:00AM
74857,188,2,159,11/01/2020,8911,21.097519919200987,0.22444170126809562,27,3.0299629671192907,11/01/2020 11:00AM
74834,186,10,166,11/01/2020,7712,24.11825726141079,1.2966804979253113,10,1.2966804979253113,11/01/2020 11:00AM
73134,186,1,158,11/01/2020,5573,33.37520186614032,0.17943656917279743,27,4.84478736766553,11/01/2020 11:00AM
73128,185,0,158,11/01/2020,4757,38.89005675846121,0.0,27,5.675846121505151,11/01/2020 11:00AM
74016,184,3,155,11/01/2020,5697,32.29770054414604,0.526592943654555,26,4.56380551167281,11/01/2020 11:00AM
74331,183,2,163,11/01/2020,7218,25.35328345802161,0.2770850651149903,18,2.493765586034913,11/01/2020 11:00AM
73084,179,2,161,11/01/2020,6878,26.025007269555104,0.29078220412910727,16,2.326257633032858,11/01/2020 11:00AM
74116,178,0,168,11/01/2020,4044,44.015825914935704,0.0,10,2.472799208704253,11/01/2020 11:00AM
74365,172,1,135,11/01/2020,4479,38.40142889037732,0.22326412145568209,36,8.037508372404554,11/01/2020 11:00AM
74523,169,6,132,11/01/2020,6022,28.063766190634343,0.9963467286615741,31,5.147791431418134,11/01/2020 11:00AM
74048,167,3,148,11/01/2020,6213,26.879124416545952,0.48285852245292127,16,2.575245453082247,11/01/2020 11:00AM
73052,166,2,129,11/01/2020,6673,24.876367450921624,0.2997152704930316,35,5.245017233628053,11/01/2020 11:00AM
73149,165,0,139,11/01/2020,5082,32.467532467532465,0.0,26,5.116096025186935,11/01/2020 11:00AM
73460,163,3,141,11/01/2020,4609,35.36558906487308,0.6509004122369278,19,4.1223692775005425,11/01/2020 11:00AM
73717,162,0,131,11/01/2020,7031,23.040819229128147,0.0,31,4.40904565495662,11/01/2020 11:00AM
74020,158,3,144,11/01/2020,7371,21.435354768688104,0.40700040700040696,11,1.492334825668159,11/01/2020 11:00AM
74864,158,1,121,11/01/2020,5149,30.685570013594873,0.19421246844047388,36,6.991648863857059,11/01/2020 11:00AM
74073,158,2,137,11/01/2020,5459,28.943029858948524,0.3663674665689687,19,3.480490932405202,11/01/2020 11:00AM
73945,158,0,144,11/01/2020,2884,54.78502080443828,0.0,14,4.854368932038835,11/01/2020 11:00AM
74047,156,3,138,11/01/2020,7317,21.32021320213202,0.4100041000410004,15,2.050020500205002,11/01/2020 11:00AM
74859,155,3,115,11/01/2020,6032,25.69628647214854,0.4973474801061008,37,6.13395225464191,11/01/2020 11:00AM
74855,154,9,138,11/01/2020,4720,32.62711864406779,1.9067796610169492,7,1.4830508474576272,11/01/2020 11:00AM
74044,152,4,132,11/01/2020,7354,20.669023660592874,0.5439216752787598,16,2.175686701115039,11/01/2020 11:00AM
74036,151,3,138,11/01/2020,7378,20.466251016535647,0.4066142586066685,10,1.3553808620222283,11/01/2020 11:00AM
74954,146,1,128,11/01/2020,5194,28.109356950327303,0.19252984212552945,17,3.2730073161340005,11/01/2020 11:00AM
74120,145,0,132,11/01/2020,4988,29.069767441860463,0.0,13,2.6062550120288694,11/01/2020 11:00AM
73117,143,0,124,11/01/2020,5680,25.17605633802817,0.0,19,3.345070422535211,11/01/2020 11:00AM
74029,142,1,126,11/01/2020,4971,28.565680949507144,0.20116676725005028,15,3.017501508750754,11/01/2020 11:00AM
73049,139,2,112,11/01/2020,5858,23.728234892454765,0.3414134516899966,25,4.267668146124957,11/01/2020 11:00AM
73103,138,1,117,11/01/2020,4924,28.02599512591389,0.20308692120227456,20,4.061738424045491,11/01/2020 11:00AM
74053,138,0,118,11/01/2020,4539,30.40317250495704,0.0,20,4.406256884776382,11/01/2020 11:00AM
74965,137,2,114,11/01/2020,5055,27.101879327398613,0.3956478733926805,21,4.154302670623145,11/01/2020 11:00AM
73105,137,0,128,11/01/2020,5409,25.32815677574413,0.0,9,1.663893510815308,11/01/2020 11:00AM
73093,135,0,119,11/01/2020,3054,44.20432220039293,0.0,16,5.239030779305828,11/01/2020 11:00AM
74902,134,3,120,11/01/2020,4102,32.66699171136031,0.7313505607020966,11,2.681618722574354,11/01/2020 11:00AM
74445,133,0,108,11/01/2020,2963,44.886938913263585,0.0,25,8.437394532568343,11/01/2020 11:00AM
74059,133,2,115,11/01/2020,5664,23.481638418079093,0.3531073446327684,16,2.824858757062147,11/01/2020 11:00AM
74764,132,3,113,11/01/2020,3814,34.609334032511796,0.7865757734661772,16,4.195070791819612,11/01/2020 11:00AM
74337,131,6,109,11/01/2020,4913,26.663952778343173,1.2212497455729696,16,3.2566659881945856,11/01/2020 11:00AM
73554,130,8,105,11/01/2020,3326,39.08598917618762,2.4052916416115453,17,5.111244738424534,11/01/2020 11:00AM
74966,129,1,109,11/01/2020,3663,35.21703521703522,0.273000273000273,19,5.187005187005187,11/01/2020 11:00AM
73055,127,1,95,11/01/2020,10034,12.656966314530596,0.09966115208291808,31,3.0894957145704605,11/01/2020 11:00AM
74571,126,5,104,11/01/2020,3486,36.144578313253014,1.434308663224326,17,4.876649454962708,11/01/2020 11:00AM
74421,124,0,101,11/01/2020,4717,26.287894848420606,0.0,23,4.875980496078015,11/01/2020 11:00AM
74056,124,1,112,11/01/2020,5152,24.06832298136646,0.19409937888198756,11,2.1350931677018634,11/01/2020 11:00AM
73542,124,4,106,11/01/2020,4501,27.549433459231285,0.8886914019106865,14,3.1104199066874028,11/01/2020 11:00AM
74451,121,1,106,11/01/2020,4543,26.634382566585955,0.2201188641866608,14,3.0816640986132513,11/01/2020 11:00AM
74436,119,1,106,11/01/2020,5718,20.81147254284715,0.17488632388947184,12,2.0986358866736623,11/01/2020 11:00AM
74058,119,1,101,11/01/2020,3946,30.157121135326914,0.25342118601115055,17,4.308160162189559,11/01/2020 11:00AM
73173,119,0,105,11/01/2020,3014,39.48241539482415,0.0,14,4.6449900464499,11/01/2020 11:00AM
73737,118,0,95,11/01/2020,3521,33.513206475433115,0.0,23,6.532235160465777,11/01/2020 11:00AM
74339,115,2,105,11/01/2020,2357,48.7908358082308,0.848536274925753,8,3.394145099703012,11/01/2020 11:00AM
74079,115,0,96,11/01/2020,4248,27.071563088512242,0.0,19,4.472693032015066,11/01/2020 11:00AM
74578,114,1,90,11/01/2020,6138,18.57282502443793,0.16291951775822744,23,3.747148908439231,11/01/2020 11:00AM
74441,114,2,100,11/01/2020,5855,19.470538001707943,0.3415883859948762,12,2.0495303159692573,11/01/2020 11:00AM
74119,114,0,99,11/01/2020,3157,36.11023123218245,0.0,15,4.751346214760849,11/01/2020 11:00AM
74370,112,1,97,11/01/2020,3594,31.163049526989425,0.2782415136338342,14,3.895381190873678,11/01/2020 11:00AM
73538,110,1,80,11/01/2020,6016,18.284574468085108,0.16622340425531915,29,4.820478723404255,11/01/2020 11:00AM
74940,109,0,107,11/01/2020,2885,37.78162911611785,0.0,2,0.6932409012131716,11/01/2020 11:00AM
74347,108,2,83,11/01/2020,2927,36.89784762555517,0.683293474547318,23,7.8578749572941575,11/01/2020 11:00AM
73098,108,1,78,11/01/2020,4394,24.578971324533455,0.2275830678197542,29,6.5999089667728725,11/01/2020 11:00AM
73121,107,0,88,11/01/2020,3558,30.073074761101743,0.0,19,5.340078695896571,11/01/2020 11:00AM
73527,106,0,80,11/01/2020,5284,20.060560181680543,0.0,26,4.920514761544285,11/01/2020 11:00AM
74078,106,0,103,11/01/2020,2329,45.513095749248606,0.0,3,1.2881064834693001,11/01/2020 11:00AM
74338,106,1,89,11/01/2020,5353,19.801980198019802,0.18681113394358304,16,2.9889781430973286,11/01/2020 11:00AM
73529,104,2,94,11/01/2020,5440,19.117647058823533,0.3676470588235294,8,1.4705882352941175,11/01/2020 11:00AM
73030,103,0,83,11/01/2020,4362,23.61302154974782,0.0,20,4.585052728106373,11/01/2020 11:00AM
73150,103,2,82,11/01/2020,4770,21.59329140461216,0.4192872117400419,19,3.983228511530398,11/01/2020 11:00AM
74766,102,0,87,11/01/2020,1556,65.55269922879177,0.0,15,9.640102827763496,11/01/2020 11:00AM
73104,101,0,95,11/01/2020,2287,44.16265850459117,0.0,6,2.6235242675994757,11/01/2020 11:00AM
73439,99,1,83,11/01/2020,7610,13.009198423127463,0.1314060446780552,15,1.9710906701708277,11/01/2020 11:00AM
74343,99,1,81,11/01/2020,3067,32.27910009781546,0.32605151613955,17,5.542875774372351,11/01/2020 11:00AM
73651,98,2,80,11/01/2020,3968,24.69758064516129,0.5040322580645161,16,4.032258064516129,11/01/2020 11:00AM
74131,97,0,92,11/01/2020,2708,35.81979320531758,0.0,5,1.846381093057607,11/01/2020 11:00AM
74342,97,0,73,11/01/2020,3089,31.401748138556165,0.0,24,7.769504694075753,11/01/2020 11:00AM
74435,97,3,83,11/01/2020,3269,29.672682777607832,0.9177118384827164,11,3.3649434077699603,11/01/2020 11:00AM
74733,97,3,65,11/01/2020,3161,30.686491616577033,0.9490667510281556,29,9.174311926605505,11/01/2020 11:00AM
73006,96,2,82,11/01/2020,3178,30.207677784770297,0.6293266205160478,12,3.775959723096287,11/01/2020 11:00AM
73054,96,2,72,11/01/2020,4271,22.477171622570825,0.4682744088035589,22,5.151018496839147,11/01/2020 11:00AM
74631,89,1,63,11/01/2020,7482,11.89521518310612,0.13365410318096765,25,3.3413525795241914,11/01/2020 11:00AM
74740,88,2,79,11/01/2020,2289,38.44473569244211,0.873743993010048,7,3.058103975535168,11/01/2020 11:00AM
74538,87,0,64,11/01/2020,4105,21.193666260657736,0.0,23,5.602923264311815,11/01/2020 11:00AM
73015,87,2,78,11/01/2020,3011,28.894055131185652,0.6642311524410495,7,2.3248090335436733,11/01/2020 11:00AM
74872,87,0,70,11/01/2020,3263,26.662580447441005,0.0,17,5.209929512718357,11/01/2020 11:00AM
74002,86,2,77,11/01/2020,1953,44.03481822836661,1.0240655401945724,7,3.5842293906810037,11/01/2020 11:00AM
74039,86,2,72,11/01/2020,3769,22.817723534093922,0.5306447333510215,12,3.183868400106129,11/01/2020 11:00AM
74729,85,0,69,11/01/2020,2925,29.05982905982906,0.0,16,5.47008547008547,11/01/2020 11:00AM
73131,85,0,67,11/01/2020,3823,22.233847763536488,0.0,18,4.708344232278315,11/01/2020 11:00AM
73949,85,0,84,11/01/2020,1523,55.81089954038083,0.0,1,0.6565988181221273,11/01/2020 11:00AM
73572,83,1,66,11/01/2020,3633,22.84613267272227,0.2752546105147261,16,4.404073768235618,11/01/2020 11:00AM
73038,83,0,72,11/01/2020,1924,43.139293139293144,0.0,11,5.717255717255718,11/01/2020 11:00AM
73772,82,0,63,11/01/2020,3997,20.51538653990493,0.0,19,4.7535651738804106,11/01/2020 11:00AM
73077,81,1,65,11/01/2020,6808,11.897767332549941,0.14688601645123384,15,2.203290246768508,11/01/2020 11:00AM
74849,81,1,55,11/01/2020,3061,26.461940542306436,0.32669062397909177,25,8.167265599477295,11/01/2020 11:00AM
74041,79,0,68,11/01/2020,2852,27.69985974754558,0.0,11,3.8569424964936885,11/01/2020 11:00AM
74941,78,0,72,11/01/2020,2759,28.271112722000723,0.0,6,2.1747009786154403,11/01/2020 11:00AM
73449,78,1,69,11/01/2020,3106,25.112685125563427,0.3219575016097875,8,2.5756600128783,11/01/2020 11:00AM
74860,77,0,62,11/01/2020,1784,43.16143497757847,0.0,15,8.408071748878923,11/01/2020 11:00AM
74363,77,1,68,11/01/2020,2879,26.74539770753734,0.3473428273706148,8,2.7787426189649183,11/01/2020 11:00AM
73009,76,8,64,11/01/2020,1308,58.103975535168196,6.116207951070336,4,3.058103975535168,11/01/2020 11:00AM
74547,76,0,67,11/01/2020,3437,22.112307244690136,0.0,9,2.618562700029095,11/01/2020 11:00AM
74130,76,2,64,11/01/2020,2030,37.4384236453202,0.9852216748768472,10,4.926108374384237,11/01/2020 11:00AM
74932,75,0,66,11/01/2020,2397,31.28911138923655,0.0,9,3.7546933667083855,11/01/2020 11:00AM
73939,75,0,72,11/01/2020,1709,43.88531304856641,0.0,3,1.7554125219426564,11/01/2020 11:00AM
74726,74,1,55,11/01/2020,2345,31.55650319829424,0.42643923240938164,18,7.67590618336887,11/01/2020 11:00AM
73550,74,0,59,11/01/2020,2313,31.99308257674016,0.0,15,6.485084306095979,11/01/2020 11:00AM
73443,72,1,60,11/01/2020,3885,18.53281853281853,0.2574002574002574,11,2.831402831402831,11/01/2020 11:00AM
73762,72,0,58,11/01/2020,2142,33.61344537815126,0.0,14,6.5359477124183005,11/01/2020 11:00AM
74647,70,1,64,11/01/2020,3586,19.520356943669825,0.2788622420524261,5,1.3943112102621305,11/01/2020 11:00AM
73048,69,1,53,11/01/2020,2438,28.30188679245283,0.41017227235438886,15,6.152584085315833,11/01/2020 11:00AM
73059,69,0,60,11/01/2020,2916,23.662551440329217,0.0,9,3.0864197530864197,11/01/2020 11:00AM
74030,69,1,63,11/01/2020,3771,18.297533810660305,0.26518164942985945,5,1.3259082471492973,11/01/2020 11:00AM
74883,69,0,58,11/01/2020,2453,28.128821850794946,0.0,11,4.484304932735426,11/01/2020 11:00AM
73145,69,0,66,11/01/2020,3277,21.05584375953616,0.0,3,0.91547146780592,11/01/2020 11:00AM
74469,68,0,52,11/01/2020,2557,26.59366445052796,0.0,16,6.257332811888932,11/01/2020 11:00AM
74931,67,0,53,11/01/2020,1165,57.51072961373391,0.0,14,12.01716738197425,11/01/2020 11:00AM
73526,66,0,56,11/01/2020,2385,27.67295597484277,0.0,10,4.1928721174004195,11/01/2020 11:00AM
74881,65,0,58,11/01/2020,5282,12.305944717909881,0.0,7,1.3252555850056797,11/01/2020 11:00AM
73057,64,2,54,11/01/2020,2282,28.045574057843996,0.8764241893076249,8,3.5056967572304996,11/01/2020 11:00AM
73028,64,1,56,11/01/2020,3651,17.529443987948508,0.27389756231169543,7,1.917282936181868,11/01/2020 11:00AM
73741,64,0,62,11/01/2020,1712,37.38317757009346,0.0,2,1.1682242990654206,11/01/2020 11:00AM
74964,64,0,55,11/01/2020,2709,23.624953857511997,0.0,9,3.3222591362126246,11/01/2020 11:00AM
73007,64,0,50,11/01/2020,2349,27.24563644103874,0.0,14,5.959982971477224,11/01/2020 11:00AM
74080,64,0,58,11/01/2020,2961,21.614319486659912,0.0,6,2.026342451874367,11/01/2020 11:00AM
73433,63,0,58,11/01/2020,3002,20.986009327115255,0.0,5,1.665556295802798,11/01/2020 11:00AM
73002,61,0,52,11/01/2020,906,67.3289183222958,0.0,9,9.933774834437086,11/01/2020 11:00AM
74930,61,0,57,11/01/2020,2261,26.97921273772667,0.0,4,1.7691287041132244,11/01/2020 11:00AM
73095,61,1,48,11/01/2020,1911,31.920460491889063,0.5232862375719519,12,6.279434850863423,11/01/2020 11:00AM
73017,60,0,54,11/01/2020,1568,38.26530612244898,0.0,6,3.826530612244898,11/01/2020 11:00AM
74735,60,0,51,11/01/2020,1482,40.48582995951417,0.0,9,6.0728744939271255,11/01/2020 11:00AM
74651,60,1,47,11/01/2020,847,70.83825265643448,1.1806375442739079,12,14.167650531286895,11/01/2020 11:00AM
74653,60,0,51,11/01/2020,3740,16.0427807486631,0.0,9,2.4064171122994655,11/01/2020 11:00AM
73541,59,0,49,11/01/2020,2714,21.73913043478261,0.0,10,3.6845983787767134,11/01/2020 11:00AM
73141,59,0,57,11/01/2020,2600,22.692307692307693,0.0,2,0.7692307692307693,11/01/2020 11:00AM
74454,57,1,52,11/01/2020,3294,17.304189435336976,0.3035822707953856,4,1.2143290831815423,11/01/2020 11:00AM
74840,57,0,51,11/01/2020,2003,28.457314028956564,0.0,6,2.9955067398901645,11/01/2020 11:00AM
74455,57,1,49,11/01/2020,3093,18.42870999030068,0.3233107015842225,7,2.2631749110895574,11/01/2020 11:00AM
74330,56,0,40,11/01/2020,3331,16.811768237766437,0.0,16,4.803362353647553,11/01/2020 11:00AM
74085,55,2,47,11/01/2020,2223,24.741340530814217,0.899685110211426,6,2.6990553306342777,11/01/2020 11:00AM
73463,54,0,47,11/01/2020,3451,15.647638365691105,0.0,7,2.028397565922921,11/01/2020 11:00AM
74364,53,0,49,11/01/2020,1847,28.69518137520303,0.0,4,2.165674066053059,11/01/2020 11:00AM
74727,53,0,41,11/01/2020,1810,29.281767955801104,0.0,12,6.629834254143646,11/01/2020 11:00AM
74871,50,1,38,11/01/2020,2483,20.13693113169553,0.4027386226339106,11,4.4301248489730165,11/01/2020 11:00AM
73632,50,0,43,11/01/2020,3337,14.983518130056938,0.0,7,2.0976925382079714,11/01/2020 11:00AM
74852,49,0,41,11/01/2020,1406,34.85064011379801,0.0,8,5.689900426742533,11/01/2020 11:00AM
73852,48,1,39,11/01/2020,2351,20.416843896214377,0.4253509145044662,8,3.4028073160357297,11/01/2020 11:00AM
74561,47,0,39,11/01/2020,1943,24.18939783839424,0.0,8,4.117344312918168,11/01/2020 11:00AM
74470,46,0,35,11/01/2020,1488,30.913978494623656,0.0,11,7.39247311827957,11/01/2020 11:00AM
74369,46,0,36,11/01/2020,2047,22.47191011235955,0.0,10,4.885197850512945,11/01/2020 11:00AM
73067,46,0,40,11/01/2020,2336,19.691780821917806,0.0,6,2.5684931506849313,11/01/2020 11:00AM
73773,45,0,38,11/01/2020,2040,22.058823529411764,0.0,7,3.4313725490196076,11/01/2020 11:00AM
73016,45,0,39,11/01/2020,1714,26.254375729288213,0.0,6,3.500583430571762,11/01/2020 11:00AM
73040,45,0,38,11/01/2020,1821,24.711696869851732,0.0,7,3.844041735310269,11/01/2020 11:00AM
73432,44,0,27,11/01/2020,1141,38.562664329535494,0.0,17,14.899211218229622,11/01/2020 11:00AM
73950,44,1,34,11/01/2020,1408,31.25,0.7102272727272727,9,6.392045454545455,11/01/2020 11:00AM
74332,44,2,40,11/01/2020,1679,26.206075044669447,1.1911852293031568,2,1.1911852293031568,11/01/2020 11:00AM
73738,44,0,36,11/01/2020,1201,36.63613655287261,0.0,8,6.661115736885929,11/01/2020 11:00AM
74072,43,0,29,11/01/2020,1803,23.84914032168608,0.0,14,7.76483638380477,11/01/2020 11:00AM
74957,43,1,40,11/01/2020,1198,35.89315525876461,0.8347245409015025,2,1.669449081803005,11/01/2020 11:00AM
73151,43,0,37,11/01/2020,1861,23.1058570660935,0.0,6,3.2240730789897905,11/01/2020 11:00AM
74051,43,1,36,11/01/2020,2027,21.213616181549085,0.49333991119881604,6,2.9600394671928956,11/01/2020 11:00AM
74880,43,1,30,11/01/2020,1958,21.961184882533196,0.5107252298263535,12,6.1287027579162405,11/01/2020 11:00AM
73074,41,0,27,11/01/2020,1095,37.44292237442922,0.0,14,12.785388127853881,11/01/2020 11:00AM
74431,41,0,32,11/01/2020,889,46.11923509561305,0.0,9,10.123734533183352,11/01/2020 11:00AM
73766,41,0,29,11/01/2020,1302,31.4900153609831,0.0,12,9.216589861751151,11/01/2020 11:00AM
73932,40,0,35,11/01/2020,2304,17.36111111111111,0.0,5,2.170138888888889,11/01/2020 11:00AM
73430,40,0,37,11/01/2020,1336,29.940119760479043,0.0,3,2.245508982035928,11/01/2020 11:00AM
74825,40,2,30,11/01/2020,2099,19.05669366364936,0.9528346831824678,8,3.811338732729871,11/01/2020 11:00AM
74723,40,0,26,11/01/2020,1399,28.591851322373124,0.0,14,10.007147962830594,11/01/2020 11:00AM
74333,40,1,28,11/01/2020,1129,35.4295837023915,0.8857395925597874,11,9.743135518157661,11/01/2020 11:00AM
73628,39,1,33,11/01/2020,1655,23.564954682779458,0.6042296072507553,5,3.0211480362537766,11/01/2020 11:00AM
73951,39,0,32,11/01/2020,1117,34.914950760966875,0.0,7,6.266786034019696,11/01/2020 11:00AM
74061,39,2,34,11/01/2020,2025,19.25925925925926,0.9876543209876544,3,1.4814814814814814,11/01/2020 11:00AM
74637,39,0,33,11/01/2020,1706,22.860492379835875,0.0,6,3.5169988276670576,11/01/2020 11:00AM
74956,39,0,33,11/01/2020,1739,22.426682001150088,0.0,6,3.4502587694077054,11/01/2020 11:00AM
74450,39,0,29,11/01/2020,1846,21.12676056338028,0.0,10,5.417118093174431,11/01/2020 11:00AM
73029,38,1,36,11/01/2020,1632,23.284313725490197,0.6127450980392157,1,0.6127450980392157,11/01/2020 11:00AM
73669,38,0,35,11/01/2020,1750,21.714285714285715,0.0,3,1.7142857142857142,11/01/2020 11:00AM
74026,38,0,30,11/01/2020,860,44.18604651162791,0.0,8,9.30232558139535,11/01/2020 11:00AM
74563,38,0,28,11/01/2020,1963,19.358125318390222,0.0,10,5.094243504839532,11/01/2020 11:00AM
74944,38,1,35,11/01/2020,1195,31.799163179916317,0.8368200836820083,2,1.6736401673640167,11/01/2020 11:00AM
73734,38,0,36,11/01/2020,817,46.51162790697674,0.0,2,2.4479804161566707,11/01/2020 11:00AM
73624,38,0,27,11/01/2020,2335,16.274089935760173,0.0,11,4.710920770877944,11/01/2020 11:00AM
73754,38,0,32,11/01/2020,1060,35.84905660377358,0.0,6,5.660377358490566,11/01/2020 11:00AM
73834,37,2,29,11/01/2020,1513,24.45472571050892,1.3218770654329146,6,3.9656311962987445,11/01/2020 11:00AM
74366,37,0,29,11/01/2020,1548,23.901808785529713,0.0,8,5.167958656330749,11/01/2020 11:00AM
74741,37,0,33,11/01/2020,997,37.11133400200602,0.0,4,4.012036108324975,11/01/2020 11:00AM
74951,37,2,27,11/01/2020,1307,28.30910482019893,1.530221882172915,8,6.12088752869166,11/01/2020 11:00AM
74554,36,1,32,11/01/2020,1738,20.713463751438432,0.5753739930955121,3,1.726121979286536,11/01/2020 11:00AM
74901,36,0,29,11/01/2020,1872,19.230769230769234,0.0,7,3.7393162393162394,11/01/2020 11:00AM
73552,36,1,30,11/01/2020,1512,23.809523809523807,0.6613756613756614,5,3.3068783068783065,11/01/2020 11:00AM
73456,36,0,30,11/01/2020,2113,17.03738760056791,0.0,6,2.839564600094652,11/01/2020 11:00AM
73650,36,1,33,11/01/2020,1128,31.914893617021274,0.8865248226950354,2,1.7730496453900708,11/01/2020 11:00AM
74854,36,0,32,11/01/2020,1983,18.15431164901664,0.0,4,2.017145738779627,11/01/2020 11:00AM
74867,36,0,33,11/01/2020,736,48.913043478260875,0.0,3,4.076086956521739,11/01/2020 11:00AM
73014,36,0,27,11/01/2020,1937,18.58544140423335,0.0,9,4.646360351058338,11/01/2020 11:00AM
73082,35,0,29,11/01/2020,3135,11.164274322169058,0.0,6,1.9138755980861244,11/01/2020 11:00AM
73728,35,0,27,11/01/2020,1969,17.775520568816656,0.0,8,4.062976130015236,11/01/2020 11:00AM
73848,34,0,26,11/01/2020,2408,14.119601328903656,0.0,8,3.3222591362126246,11/01/2020 11:00AM
73724,34,1,26,11/01/2020,1173,28.985507246376812,0.8525149190110827,7,5.967604433077579,11/01/2020 11:00AM
74865,34,0,24,11/01/2020,1791,18.983807928531544,0.0,10,5.583472920156337,11/01/2020 11:00AM
73543,34,0,32,11/01/2020,1529,22.23675604970569,0.0,2,1.3080444735120995,11/01/2020 11:00AM
73042,33,1,28,11/01/2020,1116,29.56989247311828,0.8960573476702509,4,3.5842293906810037,11/01/2020 11:00AM
74471,33,0,25,11/01/2020,1635,20.18348623853211,0.0,8,4.892966360856269,11/01/2020 11:00AM
74032,33,0,30,11/01/2020,2146,15.37744641192917,0.0,3,1.3979496738117427,11/01/2020 11:00AM
73763,33,0,31,11/01/2020,1589,20.76777847702958,0.0,2,1.2586532410320956,11/01/2020 11:00AM
74553,32,1,27,11/01/2020,1249,25.62049639711769,0.8006405124099278,4,3.2025620496397114,11/01/2020 11:00AM
74022,32,0,29,11/01/2020,1864,17.167381974248926,0.0,3,1.609442060085837,11/01/2020 11:00AM
74736,32,0,28,11/01/2020,1122,28.520499108734402,0.0,4,3.5650623885918002,11/01/2020 11:00AM
74050,32,0,29,11/01/2020,356,89.8876404494382,0.0,3,8.426966292134832,11/01/2020 11:00AM
74038,32,1,30,11/01/2020,2123,15.073009891662743,0.4710315591144607,1,0.4710315591144607,11/01/2020 11:00AM
74027,32,1,29,11/01/2020,1060,30.18867924528302,0.9433962264150944,2,1.8867924528301887,11/01/2020 11:00AM
73654,31,1,29,11/01/2020,846,36.64302600472813,1.1820330969267139,1,1.1820330969267139,11/01/2020 11:00AM
73004,31,0,24,11/01/2020,1013,30.60217176702863,0.0,7,6.910167818361304,11/01/2020 11:00AM
73933,31,0,30,11/01/2020,1504,20.611702127659573,0.0,1,0.6648936170212766,11/01/2020 11:00AM
73573,31,0,24,11/01/2020,2479,12.505042355788625,0.0,7,2.8237192416296897,11/01/2020 11:00AM
73620,31,0,26,11/01/2020,1582,19.595448798988624,0.0,5,3.1605562579013906,11/01/2020 11:00AM
73092,30,0,27,11/01/2020,973,30.832476875642346,0.0,3,3.083247687564234,11/01/2020 11:00AM
74878,30,0,26,11/01/2020,1397,21.47458840372226,0.0,4,2.863278453829635,11/01/2020 11:00AM
73459,30,1,20,11/01/2020,1063,28.222013170272813,0.9407337723424272,9,8.466603951081844,11/01/2020 11:00AM
73566,30,0,22,11/01/2020,1862,16.11170784103115,0.0,8,4.296455424274973,11/01/2020 11:00AM
73450,30,1,27,11/01/2020,1344,22.321428571428573,0.744047619047619,2,1.488095238095238,11/01/2020 11:00AM
73759,29,0,26,11/01/2020,1565,18.53035143769968,0.0,3,1.9169329073482428,11/01/2020 11:00AM
73061,29,0,24,11/01/2020,1659,17.480409885473176,0.0,5,3.0138637733574445,11/01/2020 11:00AM
74731,29,0,21,11/01/2020,1438,20.166898470097355,0.0,8,5.563282336578581,11/01/2020 11:00AM
73560,29,0,24,11/01/2020,839,34.56495828367104,0.0,5,5.959475566150179,11/01/2020 11:00AM
74826,29,0,26,11/01/2020,1133,25.59576345984113,0.0,3,2.64783759929391,11/01/2020 11:00AM
74936,29,0,24,11/01/2020,1090,26.605504587155966,0.0,5,4.587155963302752,11/01/2020 11:00AM
74452,29,0,27,11/01/2020,386,75.12953367875647,0.0,2,5.181347150259067,11/01/2020 11:00AM
74759,28,0,23,11/01/2020,1454,19.257221458046768,0.0,5,3.43878954607978,11/01/2020 11:00AM
73626,28,0,21,11/01/2020,1032,27.131782945736433,0.0,7,6.782945736434108,11/01/2020 11:00AM
73547,28,0,25,11/01/2020,2331,12.012012012012011,0.0,3,1.287001287001287,11/01/2020 11:00AM
74536,28,0,25,11/01/2020,1557,17.983301220295438,0.0,3,1.9267822736030829,11/01/2020 11:00AM
74832,27,0,26,11/01/2020,902,29.933481152993348,0.0,1,1.1086474501108647,11/01/2020 11:00AM
73768,27,0,21,11/01/2020,1666,16.206482593037215,0.0,6,3.601440576230492,11/01/2020 11:00AM
74028,27,1,24,11/01/2020,1708,15.807962529274004,0.585480093676815,2,1.17096018735363,11/01/2020 11:00AM
73090,27,0,22,11/01/2020,1078,25.04638218923933,0.0,5,4.63821892393321,11/01/2020 11:00AM
74052,27,1,20,11/01/2020,1019,26.49656526005888,0.9813542688910696,6,5.888125613346418,11/01/2020 11:00AM
74734,26,0,20,11/01/2020,1157,22.47191011235955,0.0,6,5.185825410544512,11/01/2020 11:00AM
73053,26,2,22,11/01/2020,757,34.34610303830912,2.642007926023778,2,2.642007926023778,11/01/2020 11:00AM
73062,25,1,22,11/01/2020,1296,19.290123456790123,0.7716049382716049,2,1.5432098765432098,11/01/2020 11:00AM
74062,25,0,19,11/01/2020,1016,24.606299212598426,0.0,6,5.905511811023622,11/01/2020 11:00AM
74081,24,0,22,11/01/2020,1823,13.165112452002194,0.0,2,1.0970927043335161,11/01/2020 11:00AM
74562,24,0,21,11/01/2020,917,26.172300981461287,0.0,3,3.271537622682661,11/01/2020 11:00AM
74574,23,0,20,11/01/2020,1264,18.196202531645568,0.0,3,2.3734177215189876,11/01/2020 11:00AM
74428,23,0,14,11/01/2020,1307,17.597551644988524,0.0,9,6.885998469778118,11/01/2020 11:00AM
74546,23,0,20,11/01/2020,712,32.30337078651686,0.0,3,4.213483146067416,11/01/2020 11:00AM
73645,22,0,18,11/01/2020,1436,15.32033426183844,0.0,4,2.785515320334262,11/01/2020 11:00AM
74720,22,0,20,11/01/2020,471,46.709129511677276,0.0,2,4.246284501061571,11/01/2020 11:00AM
74963,22,1,21,11/01/2020,474,46.413502109704645,2.109704641350211,0,0.0,11/01/2020 11:00AM
74533,22,0,19,11/01/2020,846,26.004728132387708,0.0,3,3.5460992907801416,11/01/2020 11:00AM
73663,22,0,22,11/01/2020,1384,15.895953757225433,0.0,0,0.0,11/01/2020 11:00AM
73491,21,1,15,11/01/2020,733,28.649386084583902,1.364256480218281,5,6.8212824010914055,11/01/2020 11:00AM
74350,21,0,20,11/01/2020,748,28.07486631016043,0.0,1,1.3368983957219251,11/01/2020 11:00AM
73455,21,0,16,11/01/2020,673,31.203566121842496,0.0,5,7.429420505200594,11/01/2020 11:00AM
73453,21,0,20,11/01/2020,503,41.74950298210735,0.0,1,1.9880715705765406,11/01/2020 11:00AM
74425,21,0,17,11/01/2020,1448,14.502762430939226,0.0,4,2.7624309392265194,11/01/2020 11:00AM
73447,21,0,17,11/01/2020,1319,15.921152388172858,0.0,4,3.0326004548900682,11/01/2020 11:00AM
74472,21,0,19,11/01/2020,723,29.04564315352697,0.0,2,2.7662517289073305,11/01/2020 11:00AM
74359,21,1,16,11/01/2020,552,38.04347826086957,1.8115942028985508,4,7.246376811594203,11/01/2020 11:00AM
73079,21,0,20,11/01/2020,495,42.42424242424243,0.0,1,2.0202020202020203,11/01/2020 11:00AM
73664,20,0,19,11/01/2020,1114,17.953321364452425,0.0,1,0.8976660682226212,11/01/2020 11:00AM
74552,20,0,18,11/01/2020,1183,16.9061707523246,0.0,2,1.6906170752324599,11/01/2020 11:00AM
73024,20,0,16,11/01/2020,785,25.477707006369428,0.0,4,5.095541401273885,11/01/2020 11:00AM
73570,20,0,14,11/01/2020,1083,18.467220683287167,0.0,6,5.54016620498615,11/01/2020 11:00AM
74423,20,0,12,11/01/2020,981,20.387359836901123,0.0,8,8.15494393476045,11/01/2020 11:00AM
74856,19,0,15,11/01/2020,818,23.227383863080686,0.0,4,4.88997555012225,11/01/2020 11:00AM
74845,19,0,16,11/01/2020,500,38.0,0.0,3,6.0,11/01/2020 11:00AM
74560,19,0,13,11/01/2020,608,31.25,0.0,6,9.868421052631579,11/01/2020 11:00AM
74460,19,0,12,11/01/2020,170,111.76470588235294,0.0,7,41.1764705882353,11/01/2020 11:00AM
73458,19,1,18,11/01/2020,895,21.229050279329606,1.1173184357541899,0,0.0,11/01/2020 11:00AM
74824,19,1,16,11/01/2020,1445,13.14878892733564,0.6920415224913494,2,1.3840830449826989,11/01/2020 11:00AM
74939,19,0,17,11/01/2020,1164,16.32302405498282,0.0,2,1.7182130584192439,11/01/2020 11:00AM
74641,19,1,18,11/01/2020,637,29.82731554160126,1.5698587127158556,0,0.0,11/01/2020 11:00AM
74565,18,0,17,11/01/2020,706,25.495750708215297,0.0,1,1.41643059490085,11/01/2020 11:00AM
73568,18,2,13,11/01/2020,1060,16.9811320754717,1.8867924528301887,3,2.830188679245283,11/01/2020 11:00AM
73771,18,1,5,11/01/2020,386,46.63212435233161,2.5906735751295336,12,31.088082901554404,11/01/2020 11:00AM
73438,17,0,11,11/01/2020,3480,4.885057471264368,0.0,6,1.7241379310344827,11/01/2020 11:00AM
74570,17,0,16,11/01/2020,1111,15.301530153015301,0.0,1,0.9000900090009001,11/01/2020 11:00AM
73730,17,0,12,11/01/2020,753,22.57636122177955,0.0,5,6.6401062416998675,11/01/2020 11:00AM
74630,17,1,12,11/01/2020,752,22.606382978723406,1.3297872340425532,4,5.319148936170213,11/01/2020 11:00AM
73736,17,0,17,11/01/2020,445,38.20224719101124,0.0,0,0.0,11/01/2020 11:00AM
74833,16,0,15,11/01/2020,834,19.184652278177456,0.0,1,1.199040767386091,11/01/2020 11:00AM
73050,16,0,15,11/01/2020,958,16.70146137787056,0.0,1,1.04384133611691,11/01/2020 11:00AM
73729,16,0,11,11/01/2020,535,29.906542056074766,0.0,5,9.345794392523365,11/01/2020 11:00AM
74349,16,0,15,11/01/2020,312,51.28205128205128,0.0,1,3.205128205128205,11/01/2020 11:00AM
74556,16,0,14,11/01/2020,359,44.56824512534819,0.0,2,5.571030640668524,11/01/2020 11:00AM
74427,16,0,14,11/01/2020,1206,13.266998341625207,0.0,2,1.658374792703151,11/01/2020 11:00AM
74738,16,0,13,11/01/2020,686,23.323615160349853,0.0,3,4.373177842565598,11/01/2020 11:00AM
74042,16,0,14,11/01/2020,402,39.80099502487562,0.0,2,4.975124378109452,11/01/2020 11:00AM
73537,15,0,10,11/01/2020,578,25.951557093425603,0.0,5,8.650519031141869,11/01/2020 11:00AM
73859,15,0,15,11/01/2020,1384,10.83815028901734,0.0,0,0.0,11/01/2020 11:00AM
74831,15,0,10,11/01/2020,722,20.77562326869806,0.0,5,6.925207756232687,11/01/2020 11:00AM
73567,15,0,13,11/01/2020,652,23.006134969325153,0.0,2,3.067484662576687,11/01/2020 11:00AM
74945,15,0,12,11/01/2020,447,33.557046979865774,0.0,3,6.7114093959731544,11/01/2020 11:00AM
74083,15,0,10,11/01/2020,1029,14.577259475218659,0.0,5,4.859086491739553,11/01/2020 11:00AM
73027,14,0,10,11/01/2020,1210,11.570247933884296,0.0,4,3.3057851239669422,11/01/2020 11:00AM
74457,14,0,12,11/01/2020,463,30.23758099352052,0.0,2,4.319654427645789,11/01/2020 11:00AM
73755,14,0,12,11/01/2020,820,17.073170731707318,0.0,2,2.4390243902439024,11/01/2020 11:00AM
73655,14,0,12,11/01/2020,827,16.928657799274486,0.0,2,2.4183796856106405,11/01/2020 11:00AM
74430,14,0,13,11/01/2020,464,30.17241379310345,0.0,1,2.155172413793103,11/01/2020 11:00AM
73718,14,0,12,11/01/2020,602,23.25581395348837,0.0,2,3.3222591362126246,11/01/2020 11:00AM
74875,14,0,12,11/01/2020,1268,11.041009463722398,0.0,2,1.5772870662460567,11/01/2020 11:00AM
74724,14,0,13,11/01/2020,399,35.08771929824561,0.0,1,2.506265664160401,11/01/2020 11:00AM
74358,14,0,13,11/01/2020,245,57.14285714285714,0.0,1,4.081632653061225,11/01/2020 11:00AM
73722,14,0,11,11/01/2020,499,28.0561122244489,0.0,3,6.012024048096192,11/01/2020 11:00AM
73565,14,0,11,11/01/2020,998,14.02805611222445,0.0,3,3.006012024048096,11/01/2020 11:00AM
73647,14,0,12,11/01/2020,609,22.988505747126435,0.0,2,3.284072249589491,11/01/2020 11:00AM
73860,13,0,11,11/01/2020,1518,8.563899868247693,0.0,2,1.3175230566534915,11/01/2020 11:00AM
73760,13,0,9,11/01/2020,341,38.12316715542522,0.0,4,11.730205278592376,11/01/2020 11:00AM
73753,13,0,10,11/01/2020,414,31.40096618357488,0.0,3,7.246376811594203,11/01/2020 11:00AM
74060,13,0,13,11/01/2020,450,28.88888888888889,0.0,0,0.0,11/01/2020 11:00AM
73041,13,0,12,11/01/2020,353,36.827195467422094,0.0,1,2.8328611898017,11/01/2020 11:00AM
74748,13,0,10,11/01/2020,659,19.726858877086492,0.0,3,4.552352048558422,11/01/2020 11:00AM
74422,13,0,11,11/01/2020,820,15.853658536585366,0.0,2,2.4390243902439024,11/01/2020 11:00AM
73756,13,0,13,11/01/2020,349,37.249283667621775,0.0,0,0.0,11/01/2020 11:00AM
73840,13,0,8,11/01/2020,739,17.591339648173207,0.0,5,6.7658998646820026,11/01/2020 11:00AM
74367,12,0,9,11/01/2020,407,29.484029484029485,0.0,3,7.371007371007371,11/01/2020 11:00AM
73639,12,0,11,11/01/2020,588,20.408163265306122,0.0,1,1.7006802721088434,11/01/2020 11:00AM
73011,12,0,12,11/01/2020,326,36.809815950920246,0.0,0,0.0,11/01/2020 11:00AM
73944,12,0,11,11/01/2020,531,22.598870056497177,0.0,1,1.8832391713747645,11/01/2020 11:00AM
74839,12,0,8,11/01/2020,777,15.444015444015445,0.0,4,5.148005148005148,11/01/2020 11:00AM
74456,12,0,10,11/01/2020,186,64.51612903225806,0.0,2,10.752688172043012,11/01/2020 11:00AM
73562,11,0,8,11/01/2020,585,18.803418803418804,0.0,3,5.128205128205129,11/01/2020 11:00AM
73549,11,0,9,11/01/2020,212,51.88679245283019,0.0,2,9.433962264150942,11/01/2020 11:00AM
73532,11,0,10,11/01/2020,469,23.454157782515992,0.0,1,2.1321961620469083,11/01/2020 11:00AM
74633,11,0,6,11/01/2020,341,32.25806451612903,0.0,5,14.66275659824047,11/01/2020 11:00AM
74531,11,1,9,11/01/2020,1039,10.587102983638113,0.9624639076034649,1,0.9624639076034649,11/01/2020 11:00AM
73564,11,0,10,11/01/2020,473,23.25581395348837,0.0,1,2.1141649048625792,11/01/2020 11:00AM
74756,11,0,9,11/01/2020,707,15.558698727015559,0.0,2,2.828854314002829,11/01/2020 11:00AM
73546,11,0,9,11/01/2020,1036,10.617760617760617,0.0,2,1.9305019305019306,11/01/2020 11:00AM
74869,11,0,9,11/01/2020,684,16.08187134502924,0.0,2,2.923976608187134,11/01/2020 11:00AM
73641,11,0,11,11/01/2020,599,18.363939899833056,0.0,0,0.0,11/01/2020 11:00AM
73073,11,0,10,11/01/2020,473,23.25581395348837,0.0,1,2.1141649048625792,11/01/2020 11:00AM
74001,11,0,10,11/01/2020,306,35.947712418300654,0.0,1,3.2679738562091503,11/01/2020 11:00AM
74555,11,0,10,11/01/2020,735,14.965986394557822,0.0,1,1.3605442176870748,11/01/2020 11:00AM
73851,11,0,11,11/01/2020,150,73.33333333333333,0.0,0,0.0,11/01/2020 11:00AM
73761,11,0,9,11/01/2020,350,31.42857142857143,0.0,2,5.714285714285714,11/01/2020 11:00AM
73063,10,0,6,11/01/2020,623,16.051364365971107,0.0,4,6.420545746388443,11/01/2020 11:00AM
74569,10,1,9,11/01/2020,1288,7.763975155279503,0.7763975155279502,0,0.0,11/01/2020 11:00AM
73434,10,0,8,11/01/2020,642,15.576323987538942,0.0,2,3.115264797507788,11/01/2020 11:00AM
73727,10,0,8,11/01/2020,203,49.26108374384237,0.0,2,9.852216748768473,11/01/2020 11:00AM
74340,10,0,10,11/01/2020,204,49.01960784313725,0.0,0,0.0,11/01/2020 11:00AM
73625,10,0,10,11/01/2020,653,15.313935681470138,0.0,0,0.0,11/01/2020 11:00AM
73660,10,0,8,11/01/2020,342,29.239766081871345,0.0,2,5.847953216374268,11/01/2020 11:00AM
74054,10,0,10,11/01/2020,800,12.5,0.0,0,0.0,11/01/2020 11:00AM
74643,10,0,9,11/01/2020,440,22.727272727272727,0.0,1,2.2727272727272725,11/01/2020 11:00AM
73481,9,0,7,11/01/2020,1010,8.91089108910891,0.0,2,1.9801980198019802,11/01/2020 11:00AM
74842,9,0,7,11/01/2020,128,70.3125,0.0,2,15.625,11/01/2020 11:00AM
73858,9,0,7,11/01/2020,1554,5.7915057915057915,0.0,2,1.287001287001287,11/01/2020 11:00AM
73556,9,0,5,11/01/2020,133,67.66917293233082,0.0,4,30.075187969924812,11/01/2020 11:00AM
73901,9,0,8,11/01/2020,185,48.64864864864865,0.0,1,5.405405405405405,11/01/2020 11:00AM
74446,9,0,9,11/01/2020,462,19.48051948051948,0.0,0,0.0,11/01/2020 11:00AM
73627,9,0,7,11/01/2020,465,19.35483870967742,0.0,2,4.301075268817204,11/01/2020 11:00AM
74543,9,0,6,11/01/2020,388,23.195876288659793,0.0,3,7.731958762886598,11/01/2020 11:00AM
74652,9,0,6,11/01/2020,798,11.278195488721805,0.0,3,3.7593984962406015,11/01/2020 11:00AM
73667,9,0,4,11/01/2020,526,17.11026615969582,0.0,5,9.505703422053232,11/01/2020 11:00AM
73461,8,0,7,11/01/2020,784,10.204081632653061,0.0,1,1.2755102040816326,11/01/2020 11:00AM
73938,8,0,7,11/01/2020,756,10.582010582010582,0.0,1,1.3227513227513228,11/01/2020 11:00AM
73857,8,0,6,11/01/2020,681,11.747430249632892,0.0,2,2.936857562408223,11/01/2020 11:00AM
73661,8,0,8,11/01/2020,403,19.851116625310173,0.0,0,0.0,11/01/2020 11:00AM
74722,8,0,6,11/01/2020,272,29.41176470588235,0.0,2,7.352941176470588,11/01/2020 11:00AM
74827,8,1,7,11/01/2020,351,22.79202279202279,2.849002849002849,0,0.0,11/01/2020 11:00AM
74557,8,0,7,11/01/2020,497,16.09657947686117,0.0,1,2.012072434607646,11/01/2020 11:00AM
74760,8,0,7,11/01/2020,335,23.880597014925375,0.0,1,2.985074626865672,11/01/2020 11:00AM
73838,8,2,6,11/01/2020,345,23.18840579710145,5.797101449275362,0,0.0,11/01/2020 11:00AM
74572,8,0,5,11/01/2020,633,12.638230647709321,0.0,3,4.739336492890995,11/01/2020 11:00AM
73720,7,0,5,11/01/2020,146,47.94520547945205,0.0,2,13.698630136986301,11/01/2020 11:00AM
74843,7,0,6,11/01/2020,370,18.91891891891892,0.0,1,2.7027027027027026,11/01/2020 11:00AM
74522,7,0,7,11/01/2020,266,26.31578947368421,0.0,0,0.0,11/01/2020 11:00AM
74844,7,0,3,11/01/2020,406,17.241379310344826,0.0,4,9.852216748768473,11/01/2020 11:00AM
73528,7,0,5,11/01/2020,559,12.522361359570663,0.0,2,3.5778175313059033,11/01/2020 11:00AM
73843,7,0,4,11/01/2020,859,8.149010477299184,0.0,3,3.492433061699651,11/01/2020 11:00AM
74650,7,0,6,11/01/2020,654,10.703363914373089,0.0,1,1.529051987767584,11/01/2020 11:00AM
74850,7,0,6,11/01/2020,327,21.406727828746178,0.0,1,3.058103975535168,11/01/2020 11:00AM
73747,7,0,4,11/01/2020,475,14.736842105263158,0.0,3,6.315789473684211,11/01/2020 11:00AM
74640,7,0,6,11/01/2020,319,21.9435736677116,0.0,1,3.134796238244514,11/01/2020 11:00AM
73735,7,0,5,11/01/2020,694,10.086455331412104,0.0,2,2.881844380403458,11/01/2020 11:00AM
74558,7,0,6,11/01/2020,410,17.073170731707318,0.0,1,2.4390243902439024,11/01/2020 11:00AM
73749,7,0,7,11/01/2020,414,16.908212560386474,0.0,0,0.0,11/01/2020 11:00AM
74830,6,0,6,11/01/2020,241,24.896265560165972,0.0,0,0.0,11/01/2020 11:00AM
73622,6,0,5,11/01/2020,227,26.431718061674008,0.0,1,4.405286343612335,11/01/2020 11:00AM
73853,6,0,6,11/01/2020,657,9.1324200913242,0.0,0,0.0,11/01/2020 11:00AM
73733,6,0,5,11/01/2020,335,17.910447761194032,0.0,1,2.985074626865672,11/01/2020 11:00AM
73442,6,0,4,11/01/2020,413,14.527845036319613,0.0,2,4.842615012106537,11/01/2020 11:00AM
73544,6,0,4,11/01/2020,241,24.896265560165972,0.0,2,8.298755186721992,11/01/2020 11:00AM
74442,6,0,5,11/01/2020,901,6.659267480577136,0.0,1,1.1098779134295227,11/01/2020 11:00AM
73569,6,0,1,11/01/2020,540,11.11111111111111,0.0,5,9.25925925925926,11/01/2020 11:00AM
74644,6,0,5,11/01/2020,528,11.363636363636363,0.0,1,1.893939393939394,11/01/2020 11:00AM
73764,6,0,5,11/01/2020,144,41.666666666666664,0.0,1,6.944444444444444,11/01/2020 11:00AM
73540,6,0,4,11/01/2020,586,10.238907849829351,0.0,2,3.4129692832764507,11/01/2020 11:00AM
73842,6,0,6,11/01/2020,549,10.92896174863388,0.0,0,0.0,11/01/2020 11:00AM
74084,6,0,5,11/01/2020,526,11.406844106463879,0.0,1,1.9011406844106464,11/01/2020 11:00AM
74034,6,0,6,11/01/2020,122,49.18032786885246,0.0,0,0.0,11/01/2020 11:00AM
73726,5,0,4,11/01/2020,495,10.101010101010102,0.0,1,2.0202020202020203,11/01/2020 11:00AM
74521,5,0,5,11/01/2020,191,26.17801047120419,0.0,0,0.0,11/01/2020 11:00AM
73444,5,0,4,11/01/2020,118,42.3728813559322,0.0,1,8.474576271186441,11/01/2020 11:00AM
73743,5,0,4,11/01/2020,119,42.016806722689076,0.0,1,8.403361344537815,11/01/2020 11:00AM
73056,5,0,4,11/01/2020,346,14.45086705202312,0.0,1,2.890173410404624,11/01/2020 11:00AM
73931,5,0,5,11/01/2020,416,12.01923076923077,0.0,0,0.0,11/01/2020 11:00AM
73058,5,0,5,11/01/2020,193,25.906735751295336,0.0,0,0.0,11/01/2020 11:00AM
73744,5,0,5,11/01/2020,158,31.645569620253166,0.0,0,0.0,11/01/2020 11:00AM
74071,5,0,4,11/01/2020,148,33.78378378378378,0.0,1,6.756756756756757,11/01/2020 11:00AM
74942,5,1,2,11/01/2020,155,32.25806451612903,6.451612903225806,2,12.903225806451612,11/01/2020 11:00AM
73548,4,0,3,11/01/2020,301,13.289036544850498,0.0,1,3.3222591362126246,11/01/2020 11:00AM
73739,4,0,4,11/01/2020,316,12.658227848101266,0.0,0,0.0,11/01/2020 11:00AM
73642,4,1,2,11/01/2020,135,29.62962962962963,7.407407407407407,1,7.407407407407407,11/01/2020 11:00AM
73559,4,0,4,11/01/2020,539,7.421150278293135,0.0,0,0.0,11/01/2020 11:00AM
74750,4,0,4,11/01/2020,318,12.578616352201259,0.0,0,0.0,11/01/2020 11:00AM
74046,4,0,2,11/01/2020,127,31.496062992125985,0.0,2,15.748031496062993,11/01/2020 11:00AM
73638,4,0,3,11/01/2020,204,19.607843137254903,0.0,1,4.901960784313726,11/01/2020 11:00AM
73658,4,0,3,11/01/2020,222,18.01801801801802,0.0,1,4.504504504504505,11/01/2020 11:00AM
73646,4,0,4,11/01/2020,439,9.111617312072893,0.0,0,0.0,11/01/2020 11:00AM
73440,4,0,4,11/01/2020,284,14.084507042253522,0.0,0,0.0,11/01/2020 11:00AM
73937,4,0,4,11/01/2020,242,16.528925619834713,0.0,0,0.0,11/01/2020 11:00AM
74943,4,0,4,11/01/2020,162,24.691358024691358,0.0,0,0.0,11/01/2020 11:00AM
73066,4,0,3,11/01/2020,330,12.121212121212121,0.0,1,3.0303030303030303,11/01/2020 11:00AM
74528,3,0,2,11/01/2020,194,15.463917525773196,0.0,1,5.154639175257732,11/01/2020 11:00AM
74836,3,0,2,11/01/2020,211,14.218009478672984,0.0,1,4.739336492890995,11/01/2020 11:00AM
73832,3,0,1,11/01/2020,1061,2.827521206409048,0.0,2,1.885014137606032,11/01/2020 11:00AM
73757,3,0,1,11/01/2020,233,12.875536480686696,0.0,2,8.583690987124463,11/01/2020 11:00AM
73947,3,0,3,11/01/2020,369,8.130081300813009,0.0,0,0.0,11/01/2020 11:00AM
73705,3,0,2,11/01/2020,330,9.09090909090909,0.0,1,3.0303030303030303,11/01/2020 11:00AM
74577,3,0,3,11/01/2020,218,13.761467889908257,0.0,0,0.0,11/01/2020 11:00AM
74949,3,0,3,11/01/2020,297,10.101010101010102,0.0,0,0.0,11/01/2020 11:00AM
73033,3,0,2,11/01/2020,484,6.198347107438017,0.0,1,2.066115702479339,11/01/2020 11:00AM
74045,3,0,2,11/01/2020,352,8.522727272727272,0.0,1,2.840909090909091,11/01/2020 11:00AM
73043,3,0,3,11/01/2020,155,19.35483870967742,0.0,0,0.0,11/01/2020 11:00AM
74754,3,0,3,11/01/2020,253,11.857707509881422,0.0,0,0.0,11/01/2020 11:00AM
73021,3,0,2,11/01/2020,241,12.448132780082986,0.0,1,4.149377593360996,11/01/2020 11:00AM
74837,3,1,1,11/01/2020,255,11.76470588235294,3.9215686274509802,1,3.9215686274509802,11/01/2020 11:00AM
74935,3,0,2,11/01/2020,200,15.0,0.0,1,5.0,11/01/2020 11:00AM
73666,3,1,2,11/01/2020,226,13.274336283185841,4.424778761061947,0,0.0,11/01/2020 11:00AM
74438,3,0,3,11/01/2020,134,22.388059701492537,0.0,0,0.0,11/01/2020 11:00AM
73557,2,0,2,11/01/2020,394,5.076142131979695,0.0,0,0.0,11/01/2020 11:00AM
74540,2,0,1,11/01/2020,214,9.345794392523365,0.0,1,4.672897196261682,11/01/2020 11:00AM
73659,2,0,2,11/01/2020,220,9.09090909090909,0.0,0,0.0,11/01/2020 11:00AM
73032,2,0,2,11/01/2020,214,9.345794392523365,0.0,0,0.0,11/01/2020 11:00AM
73835,2,0,2,11/01/2020,235,8.51063829787234,0.0,0,0.0,11/01/2020 11:00AM
74636,2,1,1,11/01/2020,285,7.017543859649123,3.5087719298245617,0,0.0,11/01/2020 11:00AM
73539,2,0,1,11/01/2020,185,10.81081081081081,0.0,1,5.405405405405405,11/01/2020 11:00AM
73716,2,0,1,11/01/2020,497,4.024144869215292,0.0,1,2.012072434607646,11/01/2020 11:00AM
73673,2,0,2,11/01/2020,236,8.474576271186441,0.0,0,0.0,11/01/2020 11:00AM
73437,2,0,2,11/01/2020,105,19.04761904761905,0.0,0,0.0,11/01/2020 11:00AM
74534,2,0,0,11/01/2020,159,12.578616352201259,0.0,2,12.578616352201259,11/01/2020 11:00AM
73731,1,0,0,11/01/2020,115,8.695652173913043,0.0,1,8.695652173913043,11/01/2020 11:00AM
74468,1,0,1,11/01/2020,316,3.1645569620253164,0.0,0,0.0,11/01/2020 11:00AM
74747,1,0,1,11/01/2020,187,5.347593582887701,0.0,0,0.0,11/01/2020 11:00AM
74646,1,0,1,11/01/2020,228,4.385964912280701,0.0,0,0.0,11/01/2020 11:00AM
73097,1,0,1,11/01/2020,167,5.9880239520958085,0.0,0,0.0,11/01/2020 11:00AM
73531,1,0,1,11/01/2020,485,2.061855670103093,0.0,0,0.0,11/01/2020 11:00AM
74535,1,0,1,11/01/2020,101,9.900990099009901,0.0,0,0.0,11/01/2020 11:00AM
74946,1,0,1,11/01/2020,136,7.352941176470588,0.0,0,0.0,11/01/2020 11:00AM
73530,1,0,1,11/01/2020,445,2.247191011235955,0.0,0,0.0,11/01/2020 11:00AM
74530,1,0,1,11/01/2020,159,6.289308176100629,0.0,0,0.0,11/01/2020 11:00AM
74755,1,0,0,11/01/2020,111,9.00900900900901,0.0,1,9.00900900900901,11/01/2020 11:00AM
74632,1,0,0,11/01/2020,599,1.669449081803005,0.0,1,1.669449081803005,11/01/2020 11:00AM
73555,1,0,1,11/01/2020,160,6.25,0.0,0,0.0,11/01/2020 11:00AM
